-140.000000 3515.316232
-139.859860 3487.197645
-139.719720 3459.490805
-139.579580 3432.186838
-139.439439 3405.277121
-139.299299 3378.753277
-139.159159 3352.607163
-139.019019 3326.830864
-138.878879 3301.416684
-138.738739 3276.357138
-138.598599 3251.644946
-138.458458 3227.273027
-138.318318 3203.234488
-138.178178 3179.522624
-138.038038 3156.130905
-137.897898 3133.052977
-137.757758 3110.282649
-137.617618 3087.813894
-137.477477 3065.640842
-137.337337 3043.757771
-137.197197 3022.159107
-137.057057 3000.839419
-136.916917 2979.793411
-136.776777 2959.015921
-136.636637 2938.501917
-136.496496 2918.246488
-136.356356 2898.244847
-136.216216 2878.492325
-136.076076 2858.984363
-135.935936 2839.716517
-135.795796 2820.684445
-135.655656 2801.883912
-135.515516 2783.310782
-135.375375 2764.961018
-135.235235 2746.830678
-135.095095 2728.915910
-134.954955 2711.212952
-134.814815 2693.718131
-134.674675 2676.427856
-134.534535 2659.338618
-134.394394 2642.446989
-134.254254 2625.749616
-134.114114 2609.243225
-133.973974 2592.924611
-133.833834 2576.790641
-133.693694 2560.838254
-133.553554 2545.064453
-133.413413 2529.466308
-133.273273 2514.040951
-133.133133 2498.785577
-132.992993 2483.697441
-132.852853 2468.773858
-132.712713 2454.012198
-132.572573 2439.409886
-132.432432 2424.964404
-132.292292 2410.673285
-132.152152 2396.534113
-132.012012 2382.544522
-131.871872 2368.702195
-131.731732 2355.004863
-131.591592 2341.450303
-131.451451 2328.036336
-131.311311 2314.760828
-131.171171 2301.621688
-131.031031 2288.616866
-130.890891 2275.744353
-130.750751 2263.002179
-130.610611 2250.388415
-130.470470 2237.901167
-130.330330 2225.538580
-130.190190 2213.298834
-130.050050 2201.180144
-129.909910 2189.180760
-129.769770 2177.298964
-129.629630 2165.533073
-129.489489 2153.881434
-129.349349 2142.342425
-129.209209 2130.914456
-129.069069 2119.595966
-128.928929 2108.385421
-128.788789 2097.281319
-128.648649 2086.282183
-128.508509 2075.386564
-128.368368 2064.593039
-128.228228 2053.900212
-128.088088 2043.306710
-127.947948 2032.811187
-127.807808 2022.412320
-127.667668 2012.108810
-127.527528 2001.899380
-127.387387 1991.782778
-127.247247 1981.757770
-127.107107 1971.823148
-126.966967 1961.977723
-126.826827 1952.220327
-126.686687 1942.549810
-126.546547 1932.965046
-126.406406 1923.464926
-126.266266 1914.048358
-126.126126 1904.714273
-125.985986 1895.461617
-125.845846 1886.289354
-125.705706 1877.196466
-125.565566 1868.181952
-125.425425 1859.244827
-125.285285 1850.384124
-125.145145 1841.598891
-125.005005 1832.888190
-124.864865 1824.251101
-124.724725 1815.686718
-124.584585 1807.194149
-124.444444 1798.772517
-124.304304 1790.420960
-124.164164 1782.138628
-124.024024 1773.924686
-123.883884 1765.778312
-123.743744 1757.698698
-123.603604 1749.685045
-123.463463 1741.736572
-123.323323 1733.852506
-123.183183 1726.032087
-123.043043 1718.274569
-122.902903 1710.579216
-122.762763 1702.945301
-122.622623 1695.372113
-122.482482 1687.858948
-122.342342 1680.405115
-122.202202 1673.009932
-122.062062 1665.672727
-121.921922 1658.392841
-121.781782 1651.169622
-121.641642 1644.002429
-121.501502 1636.890629
-121.361361 1629.833602
-121.221221 1622.830733
-121.081081 1615.881419
-120.940941 1608.985064
-120.800801 1602.141082
-120.660661 1595.348895
-120.520521 1588.607933
-120.380380 1581.917636
-120.240240 1575.277450
-120.100100 1568.686829
-119.959960 1562.145237
-119.819820 1555.652144
-119.679680 1549.207028
-119.539540 1542.809373
-119.399399 1536.458672
-119.259259 1530.154425
-119.119119 1523.896139
-118.978979 1517.683326
-118.838839 1511.515508
-118.698699 1505.392212
-118.558559 1499.312970
-118.418418 1493.277323
-118.278278 1487.284817
-118.138138 1481.335004
-117.997998 1475.427444
-117.857858 1469.561700
-117.717718 1463.737344
-117.577578 1457.953951
-117.437437 1452.211103
-117.297297 1446.508389
-117.157157 1440.845401
-117.017017 1435.221737
-116.876877 1429.637003
-116.736737 1424.090806
-116.596597 1418.582761
-116.456456 1413.112487
-116.316316 1407.679609
-116.176176 1402.283756
-116.036036 1396.924562
-115.895896 1391.601666
-115.755756 1386.314711
-115.615616 1381.063345
-115.475475 1375.847222
-115.335335 1370.665997
-115.195195 1365.519334
-115.055055 1360.406896
-114.914915 1355.328355
-114.774775 1350.283384
-114.634635 1345.271662
-114.494494 1340.292871
-114.354354 1335.346698
-114.214214 1330.432832
-114.074074 1325.550968
-113.933934 1320.700804
-113.793794 1315.882041
-113.653654 1311.094384
-113.513514 1306.337543
-113.373373 1301.611229
-113.233233 1296.915160
-113.093093 1292.249054
-112.952953 1287.612635
-112.812813 1283.005628
-112.672673 1278.427764
-112.532533 1273.878774
-112.392392 1269.358395
-112.252252 1264.866367
-112.112112 1260.402430
-111.971972 1255.966332
-111.831832 1251.557820
-111.691692 1247.176645
-111.551552 1242.822562
-111.411411 1238.495328
-111.271271 1234.194703
-111.131131 1229.920449
-110.990991 1225.672334
-110.850851 1221.450123
-110.710711 1217.253590
-110.570571 1213.082506
-110.430430 1208.936649
-110.290290 1204.815798
-110.150150 1200.719733
-110.010010 1196.648239
-109.869870 1192.601101
-109.729730 1188.578109
-109.589590 1184.579054
-109.449449 1180.603729
-109.309309 1176.651930
-109.169169 1172.723455
-109.029029 1168.818105
-108.888889 1164.935681
-108.748749 1161.075990
-108.608609 1157.238837
-108.468468 1153.424032
-108.328328 1149.631385
-108.188188 1145.860712
-108.048048 1142.111825
-107.907908 1138.384544
-107.767768 1134.678687
-107.627628 1130.994076
-107.487487 1127.330533
-107.347347 1123.687885
-107.207207 1120.065957
-107.067067 1116.464579
-106.926927 1112.883582
-106.786787 1109.322799
-106.646647 1105.782063
-106.506507 1102.261210
-106.366366 1098.760079
-106.226226 1095.278509
-106.086086 1091.816342
-105.945946 1088.373419
-105.805806 1084.949587
-105.665666 1081.544691
-105.525526 1078.158578
-105.385385 1074.791099
-105.245245 1071.442104
-105.105105 1068.111446
-104.964965 1064.798978
-104.824825 1061.504557
-104.684685 1058.228040
-104.544545 1054.969284
-104.404404 1051.728150
-104.264264 1048.504499
-104.124124 1045.298194
-103.983984 1042.109099
-103.843844 1038.937081
-103.703704 1035.782004
-103.563564 1032.643739
-103.423423 1029.522154
-103.283283 1026.417120
-103.143143 1023.328510
-103.003003 1020.256197
-102.862863 1017.200055
-102.722723 1014.159961
-102.582583 1011.135792
-102.442442 1008.127426
-102.302302 1005.134743
-102.162162 1002.157623
-102.022022 999.195949
-101.881882 996.249603
-101.741742 993.318470
-101.601602 990.402436
-101.461461 987.501385
-101.321321 984.615207
-101.181181 981.743790
-101.041041 978.887023
-100.900901 976.044798
-100.760761 973.217006
-100.620621 970.403539
-100.480480 967.604293
-100.340340 964.819161
-100.200200 962.048040
-100.060060 959.290827
-99.919920 956.547418
-99.779780 953.817714
-99.639640 951.101614
-99.499499 948.399018
-99.359359 945.709829
-99.219219 943.033948
-99.079079 940.371279
-98.938939 937.721727
-98.798799 935.085196
-98.658659 932.461593
-98.518519 929.850825
-98.378378 927.252800
-98.238238 924.667426
-98.098098 922.094612
-97.957958 919.534269
-97.817818 916.986309
-97.677678 914.450642
-97.537538 911.927183
-97.397397 909.415843
-97.257257 906.916539
-97.117117 904.429184
-96.976977 901.953694
-96.836837 899.489986
-96.696697 897.037978
-96.556557 894.597588
-96.416416 892.168733
-96.276276 889.751335
-96.136136 887.345312
-95.995996 884.950586
-95.855856 882.567079
-95.715716 880.194712
-95.575576 877.833410
-95.435435 875.483094
-95.295295 873.143691
-95.155155 870.815124
-95.015015 868.497319
-94.874875 866.190203
-94.734735 863.893703
-94.594595 861.607746
-94.454454 859.332259
-94.314314 857.067173
-94.174174 854.812416
-94.034034 852.567919
-93.893894 850.333611
-93.753754 848.109424
-93.613614 845.895290
-93.473473 843.691141
-93.333333 841.496910
-93.193193 839.312531
-93.053053 837.137937
-92.912913 834.973063
-92.772773 832.817844
-92.632633 830.672216
-92.492492 828.536115
-92.352352 826.409478
-92.212212 824.292241
-92.072072 822.184343
-91.931932 820.085722
-91.791792 817.996316
-91.651652 815.916066
-91.511512 813.844910
-91.371371 811.782789
-91.231231 809.729644
-91.091091 807.685415
-90.950951 805.650046
-90.810811 803.623477
-90.670671 801.605651
-90.530531 799.596512
-90.390390 797.596003
-90.250250 795.604067
-90.110110 793.620651
-89.969970 791.645697
-89.829830 789.679153
-89.689690 787.720962
-89.549550 785.771072
-89.409409 783.829430
-89.269269 781.895982
-89.129129 779.970675
-88.988989 778.053458
-88.848849 776.144278
-88.708709 774.243085
-88.568569 772.349828
-88.428428 770.464455
-88.288288 768.586918
-88.148148 766.717165
-88.008008 764.855148
-87.867868 763.000817
-87.727728 761.154125
-87.587588 759.315022
-87.447447 757.483461
-87.307307 755.659394
-87.167167 753.842774
-87.027027 752.033555
-86.886887 750.231689
-86.746747 748.437131
-86.606607 746.649835
-86.466466 744.869756
-86.326326 743.096848
-86.186186 741.331067
-86.046046 739.572368
-85.905906 737.820707
-85.765766 736.076040
-85.625626 734.338325
-85.485485 732.607517
-85.345345 730.883574
-85.205205 729.166454
-85.065065 727.456114
-84.924925 725.752513
-84.784785 724.055608
-84.644645 722.365359
-84.504505 720.681725
-84.364364 719.004665
-84.224224 717.334138
-84.084084 715.670105
-83.943944 714.012525
-83.803804 712.361360
-83.663664 710.716569
-83.523524 709.078115
-83.383383 707.445957
-83.243243 705.820059
-83.103103 704.200381
-82.962963 702.586886
-82.822823 700.979536
-82.682683 699.378294
-82.542543 697.783123
-82.402402 696.193985
-82.262262 694.610845
-82.122122 693.033666
-81.981982 691.462412
-81.841842 689.897046
-81.701702 688.337535
-81.561562 686.783841
-81.421421 685.235931
-81.281281 683.693768
-81.141141 682.157320
-81.001001 680.626550
-80.860861 679.101425
-80.720721 677.581912
-80.580581 676.067976
-80.440440 674.559584
-80.300300 673.056702
-80.160160 671.559298
-80.020020 670.067339
-79.879880 668.580792
-79.739740 667.099625
-79.599600 665.623805
-79.459459 664.153301
-79.319319 662.688081
-79.179179 661.228114
-79.039039 659.773367
-78.898899 658.323811
-78.758759 656.879413
-78.618619 655.440144
-78.478478 654.005972
-78.338338 652.576868
-78.198198 651.152801
-78.058058 649.733741
-77.917918 648.319659
-77.777778 646.910524
-77.637638 645.506309
-77.497497 644.106982
-77.357357 642.712515
-77.217217 641.322880
-77.077077 639.938048
-76.936937 638.557990
-76.796797 637.182678
-76.656657 635.812084
-76.516517 634.446180
-76.376376 633.084937
-76.236236 631.728329
-76.096096 630.376328
-75.955956 629.028907
-75.815816 627.686038
-75.675676 626.347695
-75.535536 625.013851
-75.395395 623.684478
-75.255255 622.359552
-75.115115 621.039044
-74.974975 619.722930
-74.834835 618.411183
-74.694695 617.103778
-74.554555 615.800687
-74.414414 614.501887
-74.274274 613.207352
-74.134134 611.917055
-73.993994 610.630973
-73.853854 609.349080
-73.713714 608.071352
-73.573574 606.797763
-73.433433 605.528289
-73.293293 604.262906
-73.153153 603.001590
-73.013013 601.744316
-72.872873 600.491060
-72.732733 599.241798
-72.592593 597.996508
-72.452452 596.755164
-72.312312 595.517744
-72.172172 594.284224
-72.032032 593.054581
-71.891892 591.828793
-71.751752 590.606835
-71.611612 589.388685
-71.471471 588.174321
-71.331331 586.963719
-71.191191 585.756858
-71.051051 584.553715
-70.910911 583.354267
-70.770771 582.158493
-70.630631 580.966371
-70.490490 579.777878
-70.350350 578.592993
-70.210210 577.411694
-70.070070 576.233960
-69.929930 575.059770
-69.789790 573.889101
-69.649650 572.721932
-69.509510 571.558243
-69.369369 570.398013
-69.229229 569.241220
-69.089089 568.087844
-68.948949 566.937863
-68.808809 565.791259
-68.668669 564.648009
-68.528529 563.508093
-68.388388 562.371492
-68.248248 561.238184
-68.108108 560.108151
-67.967968 558.981371
-67.827828 557.857825
-67.687688 556.737493
-67.547548 555.620356
-67.407407 554.506393
-67.267267 553.395585
-67.127127 552.287913
-66.986987 551.183357
-66.846847 550.081898
-66.706707 548.983516
-66.566567 547.888193
-66.426426 546.795910
-66.286286 545.706648
-66.146146 544.620387
-66.006006 543.537109
-65.865866 542.456795
-65.725726 541.379427
-65.585586 540.304986
-65.445445 539.233454
-65.305305 538.164811
-65.165165 537.099041
-65.025025 536.036125
-64.884885 534.976043
-64.744745 533.918780
-64.604605 532.864315
-64.464464 531.812633
-64.324324 530.763713
-64.184184 529.717540
-64.044044 528.674095
-63.903904 527.633360
-63.763764 526.595317
-63.623624 525.559951
-63.483483 524.527242
-63.343343 523.497173
-63.203203 522.469728
-63.063063 521.444888
-62.922923 520.422637
-62.782783 519.402958
-62.642643 518.385833
-62.502503 517.371245
-62.362362 516.359178
-62.222222 515.349615
-62.082082 514.342538
-61.941942 513.337932
-61.801802 512.335779
-61.661662 511.336062
-61.521522 510.338765
-61.381381 509.343872
-61.241241 508.351366
-61.101101 507.361230
-60.960961 506.373449
-60.820821 505.388005
-60.680681 504.404883
-60.540541 503.424066
-60.400400 502.445538
-60.260260 501.469284
-60.120120 500.495286
-59.979980 499.523529
-59.839840 498.553997
-59.699700 497.586673
-59.559560 496.621543
-59.419419 495.658590
-59.279279 494.697798
-59.139139 493.739152
-58.998999 492.782636
-58.858859 491.828233
-58.718719 490.875929
-58.578579 489.925709
-58.438438 488.977555
-58.298298 488.031453
-58.158158 487.087388
-58.018018 486.145343
-57.877878 485.205304
-57.737738 484.267255
-57.597598 483.331180
-57.457457 482.397065
-57.317317 481.464894
-57.177177 480.534652
-57.037037 479.606324
-56.896897 478.679894
-56.756757 477.755348
-56.616617 476.832669
-56.476476 475.911844
-56.336336 474.992857
-56.196196 474.075693
-56.056056 473.160337
-55.915916 472.246774
-55.775776 471.334989
-55.635636 470.424967
-55.495495 469.516694
-55.355355 468.610153
-55.215215 467.705332
-55.075075 466.802214
-54.934935 465.900785
-54.794795 465.001030
-54.654655 464.102934
-54.514515 463.206483
-54.374374 462.311662
-54.234234 461.418456
-54.094094 460.526850
-53.953954 459.636830
-53.813814 458.748381
-53.673674 457.861488
-53.533534 456.976137
-53.393393 456.092314
-53.253253 455.210003
-53.113113 454.329189
-52.972973 453.449860
-52.832833 452.571999
-52.692693 451.695592
-52.552553 450.820625
-52.412412 449.947083
-52.272272 449.074951
-52.132132 448.204216
-51.991992 447.334862
-51.851852 446.466875
-51.711712 445.600241
-51.571572 444.734945
-51.431431 443.870972
-51.291291 443.008308
-51.151151 442.146938
-51.011011 441.286849
-50.870871 440.428025
-50.730731 439.570452
-50.590591 438.714115
-50.450450 437.859000
-50.310310 437.005093
-50.170170 436.152379
-50.030030 435.300843
-49.889890 434.450471
-49.749750 433.601249
-49.609610 432.753161
-49.469469 431.906194
-49.329329 431.060332
-49.189189 430.215562
-49.049049 429.371868
-48.908909 428.529237
-48.768769 427.687653
-48.628629 426.847101
-48.488488 426.007568
-48.348348 425.169039
-48.208208 424.331499
-48.068068 423.494933
-47.927928 422.659327
-47.787788 421.824666
-47.647648 420.990935
-47.507508 420.158119
-47.367367 419.326205
-47.227227 418.495176
-47.087087 417.665019
-46.946947 416.835718
-46.806807 416.007259
-46.666667 415.179627
-46.526527 414.352806
-46.386386 413.526783
-46.246246 412.701541
-46.106106 411.877067
-45.965966 411.053345
-45.825826 410.230360
-45.685686 409.408096
-45.545546 408.586540
-45.405405 407.765676
-45.265265 406.945488
-45.125125 406.125961
-44.984985 405.307081
-44.844845 404.488832
-44.704705 403.671199
-44.564565 402.854166
-44.424424 402.037718
-44.284284 401.221840
-44.144144 400.406515
-44.004004 399.591730
-43.863864 398.777467
-43.723724 397.963713
-43.583584 397.150450
-43.443443 396.337663
-43.303303 395.525337
-43.163163 394.713455
-43.023023 393.902002
-42.882883 393.090963
-42.742743 392.280320
-42.602603 391.470059
-42.462462 390.660163
-42.322322 389.850616
-42.182182 389.041402
-42.042042 388.232504
-41.901902 387.423907
-41.761762 386.615594
-41.621622 385.807548
-41.481481 384.999754
-41.341341 384.192195
-41.201201 383.384854
-41.061061 382.577714
-40.920921 381.770759
-40.780781 380.963973
-40.640641 380.157337
-40.500501 379.350836
-40.360360 378.544452
-40.220220 377.738168
-40.080080 376.931967
-39.939940 376.125832
-39.799800 375.319746
-39.659660 374.513690
-39.519520 373.707649
-39.379379 372.901603
-39.239239 372.095536
-39.099099 371.289430
-38.958959 370.483267
-38.818819 369.677029
-38.678679 368.870698
-38.538539 368.064256
-38.398398 367.257685
-38.258258 366.450967
-38.118118 365.644083
-37.977978 364.837014
-37.837838 364.029743
-37.697698 363.222250
-37.557558 362.414517
-37.417417 361.606526
-37.277277 360.798256
-37.137137 359.989689
-36.996997 359.180805
-36.856857 358.371586
-36.716717 357.562012
-36.576577 356.752063
-36.436436 355.941720
-36.296296 355.130963
-36.156156 354.319772
-36.016016 353.508127
-35.875876 352.696008
-35.735736 351.883395
-35.595596 351.070266
-35.455455 350.256603
-35.315315 349.442383
-35.175175 348.627587
-35.035035 347.812193
-34.894895 346.996180
-34.754755 346.179527
-34.614615 345.362212
-34.474474 344.544215
-34.334334 343.725513
-34.194194 342.906085
-34.054054 342.085908
-33.913914 341.264960
-33.773774 340.443220
-33.633634 339.620665
-33.493493 338.797271
-33.353353 337.973018
-33.213213 337.147880
-33.073073 336.321836
-32.932933 335.494861
-32.792793 334.666933
-32.652653 333.838029
-32.512513 333.008123
-32.372372 332.177192
-32.232232 331.345212
-32.092092 330.512158
-31.951952 329.678006
-31.811812 328.842731
-31.671672 328.006309
-31.531532 327.168713
-31.391391 326.329918
-31.251251 325.489900
-31.111111 324.648631
-30.970971 323.806087
-30.830831 322.962240
-30.690691 322.117065
-30.550551 321.270534
-30.410410 320.422621
-30.270270 319.573299
-30.130130 318.722540
-29.989990 317.870316
-29.849850 317.016600
-29.709710 316.161363
-29.569570 315.304578
-29.429429 314.446215
-29.289289 313.586246
-29.149149 312.724641
-29.009009 311.861371
-28.868869 310.996407
-28.728729 310.129717
-28.588589 309.261274
-28.448448 308.391044
-28.308308 307.518999
-28.168168 306.645106
-28.028028 305.769335
-27.887888 304.891653
-27.747748 304.012029
-27.607608 303.130430
-27.467467 302.246823
-27.327327 301.361177
-27.187187 300.473456
-27.047047 299.583629
-26.906907 298.691660
-26.766767 297.797516
-26.626627 296.901161
-26.486486 296.002562
-26.346346 295.101682
-26.206206 294.198485
-26.066066 293.292937
-25.925926 292.384999
-25.785786 291.474636
-25.645646 290.561810
-25.505506 289.646484
-25.365365 288.728618
-25.225225 287.808177
-25.085085 286.885119
-24.944945 285.959406
-24.804805 285.030998
-24.664665 284.099856
-24.524525 283.165937
-24.384384 282.229203
-24.244244 281.289610
-24.104104 280.347118
-23.963964 279.401683
-23.823824 278.453263
-23.683684 277.501814
-23.543544 276.547293
-23.403403 275.589656
-23.263263 274.628856
-23.123123 273.664849
-22.982983 272.697590
-22.842843 271.727031
-22.702703 270.753125
-22.562563 269.775826
-22.422422 268.795084
-22.282282 267.810852
-22.142142 266.823079
-22.002002 265.831717
-21.861862 264.836714
-21.721722 263.838020
-21.581582 262.835582
-21.441441 261.829349
-21.301301 260.819267
-21.161161 259.805283
-21.021021 258.787343
-20.880881 257.765391
-20.740741 256.739372
-20.600601 255.709230
-20.460460 254.674907
-20.320320 253.636345
-20.180180 252.593487
-20.040040 251.546273
-19.899900 250.494642
-19.759760 249.438534
-19.619620 248.377887
-19.479479 247.312639
-19.339339 246.242726
-19.199199 245.168085
-19.059059 244.088650
-18.918919 243.004356
-18.778779 241.915135
-18.638639 240.820921
-18.498498 239.721645
-18.358358 238.617237
-18.218218 237.507626
-18.078078 236.392743
-17.937938 235.272513
-17.797798 234.146865
-17.657658 233.015723
-17.517518 231.879012
-17.377377 230.736656
-17.237237 229.588577
-17.097097 228.434696
-16.956957 227.274934
-16.816817 226.109210
-16.676677 224.937442
-16.536537 223.759547
-16.396396 222.575439
-16.256256 221.385034
-16.116116 220.188245
-15.975976 218.984982
-15.835836 217.775158
-15.695696 216.558681
-15.555556 215.335459
-15.415415 214.105398
-15.275275 212.868403
-15.135135 211.624378
-14.994995 210.373226
-14.854855 209.114846
-14.714715 207.849138
-14.574575 206.576000
-14.434434 205.295328
-14.294294 204.007015
-14.154154 202.710955
-14.014014 201.407039
-13.873874 200.095156
-13.733734 198.775194
-13.593594 197.447038
-13.453453 196.110574
-13.313313 194.765681
-13.173173 193.412242
-13.033033 192.050135
-12.892893 190.679235
-12.752753 189.299417
-12.612613 187.910554
-12.472472 186.512515
-12.332332 185.105168
-12.192192 183.688380
-12.052052 182.262014
-11.911912 180.825932
-11.771772 179.379991
-11.631632 177.924049
-11.491491 176.457961
-11.351351 174.981576
-11.211211 173.494746
-11.071071 171.997316
-10.930931 170.489129
-10.790791 168.970028
-10.650651 167.439850
-10.510511 165.898431
-10.370370 164.345603
-10.230230 162.781196
-10.090090 161.205037
-9.949950 159.616949
-9.809810 158.016752
-9.669670 156.404263
-9.529530 154.779296
-9.389389 153.141661
-9.249249 151.491165
-9.109109 149.827611
-8.968969 148.150799
-8.828829 146.460524
-8.688689 144.756578
-8.548549 143.038750
-8.408408 141.306823
-8.268268 139.560578
-8.128128 137.799789
-7.987988 136.024229
-7.847848 134.233665
-7.707708 132.427858
-7.567568 130.606566
-7.427427 128.769544
-7.287287 126.916538
-7.147147 125.047292
-7.007007 123.161544
-6.866867 121.259027
-6.726727 119.339468
-6.586587 117.402589
-6.446446 115.448106
-6.306306 113.475730
-6.166166 111.485165
-6.026026 109.476110
-5.885886 107.448256
-5.745746 105.401289
-5.605606 103.334888
-5.465465 101.248726
-5.325325 99.142466
-5.185185 97.015769
-5.045045 94.868284
-4.904905 92.699654
-4.764765 90.509515
-4.624625 88.297494
-4.484484 86.063210
-4.344344 83.806275
-4.204204 81.526290
-4.064064 79.222848
-3.923924 76.895535
-3.783784 74.543923
-3.643644 72.167579
-3.503504 69.766057
-3.363363 67.338903
-3.223223 64.885649
-3.083083 62.405821
-2.942943 59.898929
-2.802803 57.364475
-2.662663 54.801947
-2.522523 52.210822
-2.382382 49.590564
-2.242242 46.940625
-2.102102 44.260441
-1.961962 41.549437
-1.821822 38.807023
-1.681682 36.032594
-1.541542 33.225530
-1.401401 30.385195
-1.261261 27.510938
-1.121121 24.602091
-0.980981 21.657969
-0.840841 18.677869
-0.700701 15.661070
-0.560561 12.606832
-0.420420 9.514396
-0.280280 6.382982
-0.140140 3.211791
0.000000 -0.000000
