-1.408217899100000068e+02 3.600000000000000000e+03
-1.384231239799999855e+02 3.300000000000000000e+03
-1.370239021900000012e+02 3.000000000000000000e+03
-1.344253474399999959e+02 2.700000000000000000e+03
-1.320266815199999826e+02 2.400000000000000000e+03
-1.288284602800000016e+02 2.100000000000000000e+03
-1.245808227099999925e+02 1.800000000000000000e+03
-1.191838243699999964e+02 1.500000000000000000e+03
-1.095391884599999912e+02 1.200000000000000000e+03
-9.529710952999998597e+01 9.000000000000000000e+02
-8.705169540999999356e+01 6.000000000000000000e+02
-1.149360799999982419e+00 3.000000000000000000e+02
0.000000000000000000e+00 0.000000000000000000e+00
